3228520
7670720
8402867
9415622
12459202
14932173
16588410
16726603
19823953
22174880
23625674
27539661
29774250
31003030
33264491
33500760
37127328
37860502
40418652
41023342
45446215
48173198
53582993
54301380
57751461
58415377
59833168
60671080
60924390
61565464
62507881
68653190
70028689
70179787
70973138
72578332
77420106
78595021
83233501
92714662
94276954
97523833
99845321
104309147
105403791
106072748
107170090
109409678
110365240
110526906
114419143
114610061
116684611
118322030
120419086
121354538
123281751
124170639
130899268
132282900
139513962
143745143
144821593
145214193
148739168
150692553
151164540
153259445
154456907
158677317
161936670
162377880
165546932
165989355
166929374
168617185
168672607
168673990
177546133
178521987
179353858
181133797
181135913
182547476
182662099
183848722
186502736
191508314
197759204
197944376
199989977
200786490
201972623
204488768
204565971
205728848
209166720
220837641
222631177
223330211
223482677
225287934
229600075
233723340
237767204
238192025
238331664
238452160
241252323
244041418
246546607
248256732
248445943
248992119
250183709
251548466
255118124
264984469
268813504
269204507
272123836
281539458
284141060
289075284
289596312
292844630
300032520
303327566
303413891
305632560
307574199
307998287
308354914
309969763
316896466
318965711
321958110
322275865
322708138
326635333
329933020
330247319
330514502
330529795
331156342
331704448
333280560
335712591
336459165
341568375
341791219
344497388
345204171
345800953
351820196
354207206
354248594
354721909
355654750
357243777
357297932
358220296
359103973
365973760
369222159
372610853
376717173
380477794
380905933
381996316
384257605
386728186
387715335
388221764
390692280
394434733
401493584
402033515
404703219
417118551
420355819
433390972
433539710
433896900
434304411
435312997
438741133
442451944
446601112
447038310
447861155
448435409
451431217
458918233
460130456
460394682
460785526
460909900
462355826
462838292
463479959
466065082
467144848
470050364
470099515
471251000
475483491
476446307
477091393
477490587
478831496
481683420
482044114
483579783
484691722
487510362
487620316
488574146
488627582
490017077
490547503
493513792
494975492
495172650
497136259
498688715
499935410
503713622
507969808
509036489
510044320
515068459
516969156
517595078
520664877
523044919
523762682
525226597
528946923
533479944
534096953
536049074
536300244
539583250
540328658
541738585
543027677
543781675
544067222
545149187
545681927
550283752
550872290
554026031
558844940
562383394
564933734
564983906
568003547
568822472
569982527
570377435
570554459
572117737
576447595
577756396
587273537
588165098
588426139
589825107
590938068
591569935
593556781
595642465
597150483
599901499
600758185
603491252
603558943
603566514
603654667
603810081
605197436
610117399
613863176
616444376
622735367
624103892
625422766
625812645
629542788
631130956
633378046
633820807
634139060
637118676
639426141
639864197
641007898
641763364
642757968
642772799
657853597
660896237
662958781
664197298
665388678
667859868
671345285
674435164
676971482
677197469
678362889
679002843
682091405
682405102
684270283
687636612
689060045
691957736
692288566
693211214
695228276
696039479
697145273
704275349
707235931
707542135
707946528
708560693
713725262
716676480
717800726
717876434
717919089
718021162
720323516
721053761
722886351
726679057
729811029
730480666
731471937
733515417
733544241
736113785
736507641
737601532
739415618
739572108
741807465
742061453
744129738
747064350
747084665
748780707
751489247
752605726
754307451
756308302
757124328
759098915
761690390
761693811
763272905
765990003
767906780
768312805
768944502
769308156
780750002
783060277
783813615
784698401
786888593
788996546
790613829
791359171
792873085
796671226
797979081
799374324
802244553
804469632
805646251
806417637
810484814
810714644
817984633
822334743
822785513
827557914
828785722
831334897
832010177
832081999
834286840
841048807
841998843
844421090
844627597
845847808
846740127
847190931
852303710
853239225
854462196
857611119
859295854
863752934
865274668
866568247
869612816
869745320
872337925
873332985
873779424
875275416
878196489
879479198
881338271
885867762
888050896
888154787
889738622
891136491
892589658
893849817
897833512
899710347
900162811
902935993
904955977
911404724
920008393
922067475
926101517
926179004
926287325
930736930
931057841
933679378
934982757
937009555
938728562
939496806
939681003
940079913
947567396
948952009
949206219
951324695
951950426
952534339
957621335
963753827
969156726
970257122
970478771
970664662
975553097
975933149
980724020
981098946
981956554
985396014
986272387
987230056
987596813
987978932
991041224
993246792
994357660
994781287
995969436
997999532
999452540
1002303508
1002629755
1002896955
1004724620
1007355647
1013462899
1015826519
1024506483
1025750643
1028317126
1034368454
1036653696
1036854876
1038910312
1041899156
1043717085
1047291453
1048434470
1052635720
1053085563
1055623863
1057745957
1059902302
1065562675
1065914769
1067404755
1069102102
1070274025
1070364247
1073813608
1077556794
1082923312
1083163525
1085457700
1086701777
1087028126
1087697441
1087713726
1088448069
1089313283
1089796278
1091144012
1091219241
1093984878
1094649411
1098731936
1098732326
1104424044
1104528913
1107828014
1109000549
1109155209
1109440113
1110515508
1111785145
1112034656
1114651395
1117952769
1121568848
1122294088
1125290971
1126245650
1127010753
1127192466
1131189317
1132094168
1134597285
1135529304
1136405095
1137922609
1142879265
1143356521
1147960129
1149915575
1153923049
1159112408
1159241584
1159467676
1159603125
1161200617
1164690078
1165308832
1165591863
1166931925
1167678368
1179742788
1180524830
1181104013
1181253964
1182002267
1184366339
1184585067
1185385991
1185793904
1186107036
1188427336
1192769206
1196111455
1198564327
1202000489
1209170354
1212791040
1216161860
1220253125
1221452299
1221575066
1224716300
1227227688
1228375328
1229429083
1229946006
1232914035
1233911501
1238720257
1238869673
1240524987
1250538188
1252445914
1253822142
1259297106
1261145266
1262535543
1269306422
1269836241
1269990794
1272767855
1277836134
1279126489
1281447231
1283666242
1285128018
1286936276
1287885284
1288650219
1288873614
1290582768
1294826367
1295476966
1297367243
1297577160
1297673231
1298319943
1300655356
1301245079
1308929567
1310727072
1315661783
1315675694
1316213928
1321640579
1323324002
1328523275
1333176926
1333748930
1335165132
1338972350
1342659181
1345858005
1347243319
1359436301
1364033647
1364649715
1364880168
1369701550
1372428951
1373603350
1374033478
1376914586
1377372271
1382980393
1383944763
1386675405
1387494041
1388132557
1390987667
1393074740
1395897445
1397167406
1399421314
1400426264
1402526487
1408065854
1411394970
1411756776
1418527329
1420576799
1424535908
1424539354
1428668111
1428743693
1428980646
1430094284
1430494092
1438829151
1443826756
1447594512
1448799033
1451892730
1451947343
1452952543
1456396712
1457267404
1462199884
1466096850
1466593851
1467584087
1469237588
1471734007
1474417112
1478556052
1481604544
1483202832
1484547207
1485264621
1486982463
1490140117
1496588799
1497338945
1502242133
1505404078
1505986101
1507564038
1507576145
1520282973
1520372553
1522531779
1523252001
1523728110
1524137842
1524610214
1525198018
1526358774
1526472575
1526804892
1529688198
1530590162
1533753984
1534302809
1536732250
1537351471
1538484742
1539549433
1541267402
1542259240
1547453717
1547881430
1551029412
1558868312
1561306315
1568782691
1570458007
1570920891
1571596727
1573405637
1574015668
1574158087
1574819968
1577409936
1579761679
1581501361
1584140922
1584971456
1586055375
1586916742
1587498671
1594112633
1594732600
1595828803
1597180755
1599367313
1599479775
1600409275
1610164624
1611462768
1612932623
1614131411
1614681790
1614733219
1616832042
1618373542
1619372040
1620285299
1622375404
1627198068
1627452136
1628031319
1631300132
1631490024
1634767006
1636027794
1637937626
1640413819
1641222611
1644925990
1645895846
1646024643
1647116305
1647893154
1648335499
1652076787
1652568537
1657878895
1662439183
1666717280
1666965664
1670453428
1670760508
1674003410
1674602145
1674901733
1679253111
1680929482
1686581471
1687402993
1691375320
1691740708
1692798002
1693055489
1693187172
1694834212
1695514281
1704619419
1704810825
1705154850
1706478807
1707267417
1710113874
1712064587
1715525908
1715963676
1716529202
1723684195
1728781346
1729013166
1729289614
1732113553
1735848661
1739314821
1739369770
1739770302
1746936001
1747871222
1749859248
1750118546
1753656531
1755958849
1756282566
1756404967
1760660823
1760929886
1772206144
1781048618
1785474622
1797890583
1798057053
1798893560
1799737883
1803049669
1805336233
1808944738
1809933424
1811267540
1812436045
1813598598
1816364472
1821909956
1822356408
1823998026
1825998762
1827648859
1830327589
1831422043
1839283643
1841030655
1841095679
1844030925
1846344732
1849624956
1851068322
1855461743
1858520046
1859198605
1860460872
1863195418
1863274201
1866362983
1871953718
1874036256
1874874929
1875672003
1875977756
1877889569
1878680061
1880330993
1887554814
1888704564
1888808686
1889499912
1889661341
1889876312
1890786809
1890877004
1892216733
1892526415
1897293653
1897922161
1898829947
1901231827
1904748776
1906751531
1908327344
1911290634
1914340391
1915077756
1915552291
1917344320
1920093211
1920782496
1921590994
1922073177
1923972119
1924738612
1930908563
1932075880
1933216480
1934843618
1937426615
1937657013
1938987880
1943715237
1943801292
1945638160
1947079539
1947648999
1948937022
1950510780
1951096241
1960830085
1961933505
1963571531
1963653455
1963954759
1967519497
1968251361
1968661994
1969403699
1971069861
1973674436
1973798515
1974448367
1974882831
1980154760
1981530465
1982551732
1989476094
1990867291
1991514893
1994272320
1999849835
1999902541
2002569701
2008276113
2008756883
2009125331
2011934587
2015061650
2019862031
2021158469
2022986692
2023417069
2024945920
2030946881
2032847468
2035217710
2036450442
2044794547
2046836403
2047938545
2049403694
2055590399
2055738060
2058761596
2059363621
2060544397
2061033405
2061474623
2064590064
2067165519
2067830986
2068659539
2072254176
2076363536
2078538228
2079695200
2080466913
2080633216
2084083499
2086430461
2089744644
2090990522
2092395776
2095654540
2095729136
2099274206
2099647208
2100290867
2100993954
2101624019
2103426839
2104702763
2106125852
2108567402
2108709112
2124588019
2124690762
2125058639
2125569990
2132374716
2138806423
2141270679
2141335071
2143895983
2144604200
